56.64 75.84 12.48
69.12 99.84 23.04
69.12 99.84 23.04
88.32 122.88 34.56
88.32 122.88 34.56
119.592 167.592 48
119.592 167.592 48
138.24 184.32 46.08
138.24 184.32 46.08
184.32 197.76 24.96
184.32 197.76 24.96
204.916 217.309 15.8836
204.96 217.44 15.84
204.96 218.4 15.84
204.96 219.36 15.84
204.96 219.36 14.88
204.96 219.36 13.92
204.96 219.36 12.96
204.96 220.32 12.96
204.96 221.28 12.96
204.96 222.24 12.96
204.96 223.2 12.96
204.96 224.16 12.96
204.96 225.12 12.96
206.4 225.6 12.48
207 226 12

56.64 75.84 12.48
56.7689 76.0879 12.5891
56.8979 76.3359 12.6982
57.0268 76.5838 12.8073
57.1557 76.8318 12.9164
57.2846 77.0797 13.0255
57.4136 77.3277 13.1346
57.5425 77.5756 13.2437
57.6714 77.8235 13.3528
57.8004 78.0715 13.4619
57.9293 78.3194 13.5709
58.0582 78.5674 13.68
58.1872 78.8153 13.7891
58.3161 79.0632 13.8982
58.445 79.3112 14.0073
58.574 79.5591 14.1164
58.7029 79.8071 14.2255
58.8318 80.055 14.3346
58.9607 80.303 14.4437
59.0897 80.5509 14.5528
59.2186 80.7988 14.6619
59.3475 81.0468 14.771
59.4765 81.2947 14.8801
59.6054 81.5427 14.9892
59.7343 81.7906 15.0983
59.8632 82.0386 15.2074
59.9922 82.2865 15.3165
60.1211 82.5344 15.4256
60.25 82.7824 15.5346
60.379 83.0303 15.6437
60.5079 83.2783 15.7528
60.6368 83.5262 15.8619
60.7658 83.7741 15.971
60.8947 84.0221 16.0801
61.0236 84.27 16.1892
61.1525 84.518 16.2983
61.2815 84.7659 16.4074
61.4104 85.0138 16.5165
61.5393 85.2618 16.6256
61.6683 85.5097 16.7347
61.7972 85.7577 16.8438
61.9261 86.0056 16.9529
62.055 86.2536 17.062
62.184 86.5015 17.1711
62.3129 86.7494 17.2802
62.4418 86.9974 17.3892
62.5708 87.2453 17.4983
62.6997 87.4933 17.6074
62.8286 87.7412 17.7165
62.9576 87.9892 17.8256

smooth_path
56.64 75.84 12.48
56.7147 75.9821 12.5397
56.8625 76.2658 12.6615
57.0081 76.5429 12.7836
57.1515 76.8078 12.902
57.2882 77.0645 13.0174
57.4257 77.3159 13.1304
57.5574 77.565 13.243
57.6838 77.8142 13.3549
57.8047 78.0651 13.4647
57.9249 78.317 13.5729
58.0511 78.5682 13.6806
58.1808 78.8179 13.7883
58.3107 79.0664 13.8969
58.4413 79.314 14.0062
58.5718 79.5609 14.1165
58.6991 79.8082 14.2267
58.8323 80.0559 14.3341
58.9631 80.304 14.4403
59.0926 80.5517 14.5485
59.2208 80.7989 14.659
59.3477 81.0458 14.7713
59.4761 81.2928 14.8834
59.6066 81.54 14.994
59.7346 81.7874 15.1047
59.8623 82.0355 15.2144
59.9924 82.2847 15.3207
60.1237 82.5348 15.4237
60.2537 82.7848 15.5268
60.3827 83.0339 15.6328
60.5101 83.2816 15.743
60.6367 83.5281 15.8571
60.7624 83.7744 15.9723
60.8915 84.0214 16.0847
61.0219 84.2693 16.1941
61.151 84.5172 16.3033
61.2797 84.7649 16.4129
61.4097 85.0129 16.5216
61.5399 85.2613 16.6291
61.67 85.5099 16.7362
61.7996 85.759 16.8432
61.929 86.009 16.9508
62.0564 86.26 17.0605
62.1799 86.5133 17.1721
62.3022 86.7708 17.284
62.4285 87.0336 17.3967
62.5606 87.3033 17.5131
62.7049 87.5823 17.6357
62.8637 87.8613 17.7611
62.943 87.9477 17.8092

final_refv
5
5
5
5
5
5
5
5
5
5
5
5
5
5
5
5
5
5
5
5
5
5
5
5
5
5
5
5
4.99058
4.9674
4.93009
4.87829
4.81155
4.7294
4.63132
4.50697
4.37182
4.23218
4.08779
3.93813
3.78243
3.61959
3.44862
3.28844
3.11408
2.9064
2.6756
2.6756
2.6756
2.6756

smooth_ref_traj
0 0 0.1 0 0
0.1 0.0187773 0.132963 0.0618957 0.116224
0.2 0.0446101 0.180727 0.155091 0.304258
0.3 0.0775845 0.246238 0.299325 0.68034
0.4 0.118002 0.332621 0.513349 1.34237
0.5 0.166294 0.443298 0.818014 2.41465
0.6 0.222864 0.57266 1.10262 2.23191
0.7 0.288054 0.71723 1.36185 1.92697
0.8 0.362236 0.874909 1.59922 1.64774
0.9 0.445848 1.04433 1.81702 1.39156
1 0.539417 1.22456 2.01676 1.15659
1.1 0.643597 1.41501 2.19949 0.941658
1.2 0.759199 1.61529 2.36581 0.745999
1.3 0.887265 1.82524 2.51599 0.569324
1.4 1.02916 2.04493 2.64994 0.411763
1.5 1.18678 2.27467 2.76713 0.273976
1.6 1.3629 2.51516 2.86638 0.157168
1.7 1.56211 2.76782 2.94534 0.0642889
1.8 1.7939 3.03589 2.9986 0.00175256
1.9 2.10727 3.19961 -0.155699 -65.7149
2 2.42679 3.19297 -0.0214385 1.2385
2.1 2.7462 3.19603 0.0481575 0.416004
2.2 3.06605 3.2007 0.036937 -0.370744
2.3 3.3862 3.20188 0.000560769 -0.292077
2.4 3.70635 3.20081 -0.0141687 -0.0705609
2.5 4.02636 3.19969 -0.00773322 0.116898
2.6 4.34632 3.19954 0.00102221 0.0667299
2.7 4.66629 3.19986 0.00373313 0.00617861
2.8 4.98629 3.20009 0.00120413 -0.0320397
2.9 5.3063 3.20007 -0.000690571 -0.0115791
3 5.6263 3.2 -0.000465455 0.00941799
3.1 5.9463 3.20006 0.000946354 0.0101497
3.2 6.26631 3.20013 0.000439157 -0.0131587
3.3 6.58632 3.20001 -0.00240283 -0.0365632
3.4 6.9063 3.19959 -0.00444849 0.00166632
3.5 7.22625 3.19942 0.000514049 0.073985
3.6 7.54622 3.20021 0.0123028 0.134321
3.7 7.86631 3.2014 0.00694176 -0.19683
3.8 8.18638 3.19932 -0.0405564 -0.623665
3.9 8.50591 3.18973 -0.129413 -1.01237
4 8.82396 3.17008 -0.230133 -0.991384
4.1 9.13957 3.1407 -0.325693 -0.936058
4.2 9.45177 3.10212 -0.416573 -0.911334
4.3 9.75965 3.05399 -0.51562 -1.03007
4.4 10.0622 2.99521 -0.624951 -1.12097
4.5 10.3583 2.92516 -0.736278 -1.05653
4.6 10.6469 2.84614 -0.81134 -0.602915
4.7 10.9274 2.76252 -0.843926 -0.200598
4.8 11.1995 2.67807 -0.84164 0.117271
4.9 11.463 2.59489 -0.827531 0.142627
5 11.7184 2.51315 -0.812925 0.147387
5.1 11.9657 2.43292 -0.797854 0.151894
5.2 12.2051 2.35407 -0.785173 0.100679
5.3 12.4365 2.27579 -0.782868 -0.00277115
5.4 12.6601 2.1971 -0.788995 -0.0810795
5.5 12.8759 2.11735 -0.801223 -0.135711
5.6 13.0836 2.03626 -0.81358 -0.100624
5.7 13.2831 1.95482 -0.813601 0.0315893
5.8 13.4745 1.8743 -0.801981 0.139514
5.9 13.6579 1.79567 -0.781396 0.222562
5.9 13.6579 1.79567 -0.781396 0.222562
5.9 13.6579 1.79567 -0.781396 0.222562
5.9 13.6579 1.79567 -0.781396 0.222562
5.9 13.6579 1.79567 -0.781396 0.222562
5.9 13.6579 1.79567 -0.781396 0.222562
5.9 13.6579 1.79567 -0.781396 0.222562
5.9 13.6579 1.79567 -0.781396 0.222562
5.9 13.6579 1.79567 -0.781396 0.222562
5.9 13.6579 1.79567 -0.781396 0.222562
5.9 13.6579 1.79567 -0.781396 0.222562
5.9 13.6579 1.79567 -0.781396 0.222562
5.9 13.6579 1.79567 -0.781396 0.222562
5.9 13.6579 1.79567 -0.781396 0.222562
5.9 13.6579 1.79567 -0.781396 0.222562
5.9 13.6579 1.79567 -0.781396 0.222562
5.9 13.6579 1.79567 -0.781396 0.222562
5.9 13.6579 1.79567 -0.781396 0.222562
5.9 13.6579 1.79567 -0.781396 0.222562
5.9 13.6579 1.79567 -0.781396 0.222562
5.9 13.6579 1.79567 -0.781396 0.222562
5.9 13.6579 1.79567 -0.781396 0.222562
5.9 13.6579 1.79567 -0.781396 0.222562
5.9 13.6579 1.79567 -0.781396 0.222562
5.9 13.6579 1.79567 -0.781396 0.222562
5.9 13.6579 1.79567 -0.781396 0.222562
5.9 13.6579 1.79567 -0.781396 0.222562
5.9 13.6579 1.79567 -0.781396 0.222562
5.9 13.6579 1.79567 -0.781396 0.222562
5.9 13.6579 1.79567 -0.781396 0.222562
5.9 13.6579 1.79567 -0.781396 0.222562
5.9 13.6579 1.79567 -0.781396 0.222562
5.9 13.6579 1.79567 -0.781396 0.222562
5.9 13.6579 1.79567 -0.781396 0.222562
5.9 13.6579 1.79567 -0.781396 0.222562
5.9 13.6579 1.79567 -0.781396 0.222562
5.9 13.6579 1.79567 -0.781396 0.222562
5.9 13.6579 1.79567 -0.781396 0.222562
5.9 13.6579 1.79567 -0.781396 0.222562
5.9 13.6579 1.79567 -0.781396 0.222562
5.9 13.6579 1.79567 -0.781396 0.222562
5.9 13.6579 1.79567 -0.781396 0.222562
5.9 13.6579 1.79567 -0.781396 0.222562
5.9 13.6579 1.79567 -0.781396 0.222562
5.9 13.6579 1.79567 -0.781396 0.222562
5.9 13.6579 1.79567 -0.781396 0.222562
5.9 13.6579 1.79567 -0.781396 0.222562
5.9 13.6579 1.79567 -0.781396 0.222562
5.9 13.6579 1.79567 -0.781396 0.222562
5.9 13.6579 1.79567 -0.781396 0.222562
5.9 13.6579 1.79567 -0.781396 0.222562
5.9 13.6579 1.79567 -0.781396 0.222562
5.9 13.6579 1.79567 -0.781396 0.222562
5.9 13.6579 1.79567 -0.781396 0.222562
5.9 13.6579 1.79567 -0.781396 0.222562
5.9 13.6579 1.79567 -0.781396 0.222562
5.9 13.6579 1.79567 -0.781396 0.222562
5.9 13.6579 1.79567 -0.781396 0.222562
5.9 13.6579 1.79567 -0.781396 0.222562
5.9 13.6579 1.79567 -0.781396 0.222562
5.9 13.6579 1.79567 -0.781396 0.222562
5.9 13.6579 1.79567 -0.781396 0.222562
5.9 13.6579 1.79567 -0.781396 0.222562
5.9 13.6579 1.79567 -0.781396 0.222562
5.9 13.6579 1.79567 -0.781396 0.222562
5.9 13.6579 1.79567 -0.781396 0.222562
5.9 13.6579 1.79567 -0.781396 0.222562
5.9 13.6579 1.79567 -0.781396 0.222562
5.9 13.6579 1.79567 -0.781396 0.222562
5.9 13.6579 1.79567 -0.781396 0.222562
5.9 13.6579 1.79567 -0.781396 0.222562
5.9 13.6579 1.79567 -0.781396 0.222562
5.9 13.6579 1.79567 -0.781396 0.222562
5.9 13.6579 1.79567 -0.781396 0.222562
5.9 13.6579 1.79567 -0.781396 0.222562
5.9 13.6579 1.79567 -0.781396 0.222562
5.9 13.6579 1.79567 -0.781396 0.222562
5.9 13.6579 1.79567 -0.781396 0.222562
5.9 13.6579 1.79567 -0.781396 0.222562
5.9 13.6579 1.79567 -0.781396 0.222562

traj_ref_speed
0.0436006 0.0829752 0.0348439 
0.0579731 0.110332 0.0463167 
0.0788052 0.149958 0.0629668 
0.107366 0.204321 0.0857825 
0.145038 0.275992 0.115886 
0.191572 0.367418 0.157535 
0.247226 0.474616 0.203858 
0.309671 0.59441 0.255342 
0.377724 0.725112 0.311454 
0.451375 0.864347 0.373878 
0.530816 1.00989 0.44488 
0.613396 1.16693 0.514059 
0.704763 1.32917 0.58802 
0.808701 1.49394 0.667567 
0.90499 1.67408 0.748463 
0.993957 1.86602 0.839128 
1.10796 2.05938 0.925959 
1.23495 2.25927 1.01557 
1.31618 2.49311 1.12635 
1.33965 2.65148 1.18849 
1.28795 2.67803 1.16808 
1.29541 2.68451 1.15325 
1.35211 2.66577 1.14452 
1.38021 2.65107 1.14843 
1.38569 2.64227 1.15906 
1.39034 2.6341 1.16896 
1.37587 2.63783 1.17723 
1.39303 2.63812 1.15711 
1.40264 2.64232 1.13636 
1.38694 2.6454 1.14836 
1.37283 2.6412 1.17448 
1.35787 2.63867 1.19748 
1.36785 2.63469 1.1951 
1.38758 2.63157 1.17879 
1.36606 2.64171 1.18009 
1.36655 2.64766 1.16564 
1.38777 2.65555 1.12405 
1.39508 2.66417 1.09769 
1.38315 2.66286 1.10983 
1.36627 2.64486 1.14561 
1.3442 2.61543 1.18407 
1.32219 2.58299 1.20165 
1.31759 2.55031 1.17601 
1.31876 2.51423 1.12532 
1.29347 2.47194 1.08985 
1.25655 2.41644 1.067 
1.2261 2.35047 1.03559 
1.19665 2.28209 0.995792 
1.16074 2.21525 0.957793 
1.12339 2.14851 0.924864

point 0 is on 0 lane
point 1 is on 0 lane
point 2 is on 0 lane
point 3 is on 0 lane
point 4 is on 0 lane
point 5 is on 0 lane
point 6 is on 0 lane
point 7 is on 0 lane
point 8 is on 0 lane
point 9 is on 0 lane
point 10 is on 0 lane
point 11 is on 0 lane
point 12 is on 0 lane
point 13 is on 0 lane
point 14 is on 0 lane
point 15 is on 0 lane
point 16 is on 0 lane
point 17 is on 0 lane
point 18 is on 0 lane
point 19 is on 0 lane
point 20 is on 0 lane
point 21 is on 0 lane
point 22 is on 0 lane
point 23 is on 0 lane
point 24 is on 0 lane
point 25 is on 0 lane
point 26 is on 0 lane
point 27 is on 0 lane
point 28 is on 0 lane
point 29 is on 0 lane
point 30 is on 0 lane
point 31 is on 0 lane
point 32 is on 0 lane
point 33 is on 0 lane
point 34 is on 0 lane
point 35 is on 0 lane
point 36 is on 0 lane
point 37 is on 0 lane
point 38 is on 0 lane
point 39 is on 0 lane
point 40 is on 0 lane
point 41 is on 0 lane
point 42 is on 0 lane
point 43 is on 0 lane
point 44 is on 0 lane
point 45 is on 0 lane
point 46 is on 0 lane
point 47 is on 0 lane
point 48 is on 0 lane
point 49 is on 0 lane

traj_Rk
0.436009 0.256458 -0.862627
0.829791 0.256458 0.495657
0.348342 -0.931911 -0.100988
0.436009 0.256458 -0.862627
0.829791 0.256458 0.495657
0.348342 -0.931911 -0.100988
0.436044 0.256501 -0.862596
0.829745 0.256501 0.495711
0.348407 -0.931888 -0.100985
0.436026 0.256478 -0.862613
0.82977 0.256478 0.495682
0.348372 -0.9319 -0.100987
0.436044 0.256497 -0.862598
0.829748 0.256497 0.495709
0.348401 -0.93189 -0.100984
0.432151 0.261795 -0.862965
0.828829 0.261795 0.494476
0.355371 -0.928939 -0.103848
0.431716 0.262269 -0.863039
0.828792 0.262269 0.494286
0.355984 -0.928671 -0.104141
0.43176 0.262285 -0.863012
0.828757 0.262285 0.494336
0.356012 -0.928662 -0.104126
0.431729 0.262268 -0.863033
0.828785 0.262268 0.494298
0.355984 -0.928672 -0.104135
0.432216 0.263668 -0.862362
0.827659 0.263668 0.495439
0.358009 -0.927878 -0.104266
0.433474 0.267322 -0.860604
0.824691 0.267322 0.498421
0.363297 -0.925785 -0.104581
0.433494 0.267315 -0.860596
0.824684 0.267315 0.498437
0.36329 -0.925789 -0.104571
0.436308 0.267602 -0.859084
0.82287 0.267602 0.501273
0.364034 -0.925623 -0.103445
0.443065 0.268243 -0.855418
0.818491 0.268243 0.508054
0.365741 -0.925252 -0.100705
0.442553 0.268475 -0.85561
0.818648 0.268475 0.507678
0.366009 -0.925117 -0.100972
0.436967 0.271 -0.857682
0.820348 0.271 0.503575
0.368901 -0.923644 -0.103896
0.440512 0.270166 -0.856131
0.818788 0.270166 0.506553
0.368151 -0.924132 -0.102198
0.446183 0.268821 -0.853614
0.816265 0.268821 0.511318
0.366923 -0.924916 -0.0994861
0.433542 0.272794 -0.858851
0.821214 0.272794 0.501189
0.37101 -0.922587 -0.105755
0.41869 0.274439 -0.865668
0.828689 0.274439 0.487809
0.371447 -0.921611 -0.11252
0.403371 0.271883 -0.873711
0.838726 0.271883 0.471825
0.365829 -0.923124 -0.118366
0.405316 0.268128 -0.873971
0.839949 0.268128 0.471798
0.360839 -0.925319 -0.116537
0.422441 0.264223 -0.867023
0.832872 0.264223 0.486323
0.357585 -0.927563 -0.108445
0.431062 0.264241 -0.862764
0.827973 0.264241 0.494609
0.358674 -0.927552 -0.10488
0.43292 0.266528 -0.861129
0.825502 0.266528 0.497503
0.362114 -0.926243 -0.104634
0.434522 0.26868 -0.859652
0.823238 0.26868 0.500091
0.365335 -0.924999 -0.10444
0.430021 0.27092 -0.861211
0.824442 0.27092 0.496888
0.367936 -0.923691 -0.106857
0.43534 0.265963 -0.860083
0.824449 0.265963 0.499548
0.361611 -0.926567 -0.103488
0.438314 0.26108 -0.860069
0.825702 0.26108 0.500053
0.355101 -0.929341 -0.10114
0.433409 0.264166 -0.861611
0.826669 0.264166 0.496825
0.358853 -0.927595 -0.103886
0.429008 0.270362 -0.861892
0.825376 0.270362 0.49564
0.367025 -0.924018 -0.107163
0.424326 0.275883 -0.86246
0.824571 0.275883 0.493934
0.374205 -0.920748 -0.110421
0.427435 0.275068 -0.861183
0.823305 0.275068 0.496494
0.373453 -0.921236 -0.108891
0.433618 0.270913 -0.859408
0.822362 0.270913 0.500327
0.36837 -0.923695 -0.105316
0.426949 0.271824 -0.862454
0.825641 0.271824 0.494398
0.368825 -0.923159 -0.108374
0.427125 0.26861 -0.863373
0.827544 0.26861 0.492969
0.364328 -0.925039 -0.107557
0.433649 0.258724 -0.86314
0.829806 0.258724 0.494454
0.351241 -0.930658 -0.102495
0.435771 0.252578 -0.863891
0.832189 0.252578 0.493626
0.342879 -0.934028 -0.100126
0.432326 0.255734 -0.864693
0.832321 0.255734 0.491774
0.346895 -0.932309 -0.102293
0.428335 0.264821 -0.863944
0.829179 0.264821 0.492273
0.359155 -0.927221 -0.106152
0.424026 0.27542 -0.862755
0.825038 0.27542 0.493413
0.373516 -0.921025 -0.110447
0.420987 0.282149 -0.862068
0.822425 0.282149 0.493973
0.382606 -0.916943 -0.113265
0.424739 0.279318 -0.861149
0.822119 0.279318 0.496086
0.379101 -0.918674 -0.110996
0.431817 0.271146 -0.86024
0.823261 0.271146 0.498719
0.368477 -0.923558 -0.106138
0.431844 0.267866 -0.861254
0.825296 0.267866 0.497126
0.363864 -0.92547 -0.105392
0.429566 0.268706 -0.862131
0.826087 0.268706 0.495356
0.364765 -0.924983 -0.106548
0.430795 0.267953 -0.861752
0.825847 0.267953 0.496163
0.363858 -0.92542 -0.105856
0.433174 0.265333 -0.86137
0.82609 0.265333 0.497165
0.360465 -0.926928 -0.104254
0.433426 0.263304 -0.861866
0.827184 0.263304 0.496425
0.357644 -0.928085 -0.103678

traj_v_norm
0.1
0.132963
0.180727
0.246238
0.332621
0.443298
0.57266
0.71723
0.874909
1.04433
1.22456
1.41501
1.61529
1.82524
2.04493
2.27467
2.51516
2.76782
3.03589
3.19961
3.19297
3.19603
3.2007
3.20188
3.20081
3.19969
3.19954
3.19986
3.20009
3.20007
3.2
3.20006
3.20013
3.20001
3.19959
3.19942
3.20021
3.2014
3.19932
3.18973
3.17008
3.1407
3.10212
3.05399
2.99521
2.92516
2.84614
2.76252
2.67807
2.59489

start solve Traj MPC
ref_points
56.64 75.84 12.48
56.6482 75.8556 12.4865
56.6595 75.877 12.4955
56.6738 75.9044 12.507
56.6915 75.9379 12.5211
56.7125 75.978 12.5379
56.737 76.0249 12.558
56.7651 76.0789 12.5812
56.7971 76.1404 12.6077
56.8332 76.2097 12.6374
56.8737 76.2871 12.6709
56.9188 76.373 12.7088
56.9689 76.4684 12.7508
57.0248 76.5737 12.7974
57.0877 76.6899 12.8493
57.1574 76.8189 12.907
57.2344 76.9634 12.9719
57.3222 77.1265 13.0453
57.4256 77.3157 13.1303
57.5614 77.5731 13.2466
57.6952 77.8378 13.3653
57.824 78.1057 13.4821
57.9537 78.3744 13.5975
58.0889 78.641 13.712
58.2269 78.9061 13.8268
58.3655 79.1703 13.9427
58.5045 79.4337 14.0596
58.6421 79.6975 14.1773
58.7814 79.9613 14.293
58.9217 80.2255 14.4067
59.0603 80.49 14.5215
59.1976 80.7542 14.639
59.3334 81.018 14.7587
59.4702 81.2815 14.8782
59.6089 81.5446 14.9961
59.7455 81.8088 15.1141
59.8822 82.0736 15.2307
60.021 82.3392 15.3431
60.1605 82.6055 15.4528
60.2986 82.8715 15.5637
60.4349 83.1352 15.6779
60.5687 83.3956 15.7958
60.7001 83.6524 15.9152
60.8309 83.9055 16.032
60.9615 84.1545 16.1434
61.0894 84.3989 16.2512
61.2134 84.6373 16.3564
61.3342 84.8689 16.4585
61.4521 85.0937 16.5566
61.5663 85.3117 16.6508
elliE
0.0573941 7.45712e-35 1.46286e-18
2.92573e-18 0.0573941 7.45712e-35
1.49142e-34 2.92573e-18 0.0573941
0.0573941 7.45712e-35 1.46286e-18
2.92573e-18 0.0573941 7.45712e-35
1.49142e-34 2.92573e-18 0.0573941
0.0573941 7.45712e-35 1.46286e-18
2.92573e-18 0.0573941 7.45712e-35
1.49142e-34 2.92573e-18 0.0573941
0.0573941 7.45712e-35 1.46286e-18
2.92573e-18 0.0573941 7.45712e-35
1.49142e-34 2.92573e-18 0.0573941
0.0573941 7.45712e-35 1.46286e-18
2.92573e-18 0.0573941 7.45712e-35
1.49142e-34 2.92573e-18 0.0573941
0.0573941 7.45712e-35 1.46286e-18
2.92573e-18 0.0573941 7.45712e-35
1.49142e-34 2.92573e-18 0.0573941
0.0573941 7.45712e-35 1.46286e-18
2.92573e-18 0.0573941 7.45712e-35
1.49142e-34 2.92573e-18 0.0573941
0.0573941 7.45712e-35 1.46286e-18
2.92573e-18 0.0573941 7.45712e-35
1.49142e-34 2.92573e-18 0.0573941
0.0573941 7.45712e-35 1.46286e-18
2.92573e-18 0.0573941 7.45712e-35
1.49142e-34 2.92573e-18 0.0573941
0.0573941 7.45712e-35 1.46286e-18
2.92573e-18 0.0573941 7.45712e-35
1.49142e-34 2.92573e-18 0.0573941
0.0573941 7.45712e-35 1.46286e-18
2.92573e-18 0.0573941 7.45712e-35
1.49142e-34 2.92573e-18 0.0573941
0.0573941 7.45712e-35 1.46286e-18
2.92573e-18 0.0573941 7.45712e-35
1.49142e-34 2.92573e-18 0.0573941
0.0573941 7.45712e-35 1.46286e-18
2.92573e-18 0.0573941 7.45712e-35
1.49142e-34 2.92573e-18 0.0573941
0.0573941 7.45712e-35 1.46286e-18
2.92573e-18 0.0573941 7.45712e-35
1.49142e-34 2.92573e-18 0.0573941
0.0573941 7.45712e-35 1.46286e-18
2.92573e-18 0.0573941 7.45712e-35
1.49142e-34 2.92573e-18 0.0573941
0.0573941 7.45712e-35 1.46286e-18
2.92573e-18 0.0573941 7.45712e-35
1.49142e-34 2.92573e-18 0.0573941
0.0573941 7.45712e-35 1.46286e-18
2.92573e-18 0.0573941 7.45712e-35
1.49142e-34 2.92573e-18 0.0573941
0.0573941 7.45712e-35 1.46286e-18
2.92573e-18 0.0573941 7.45712e-35
1.49142e-34 2.92573e-18 0.0573941
0.0573941 7.45712e-35 1.46286e-18
2.92573e-18 0.0573941 7.45712e-35
1.49142e-34 2.92573e-18 0.0573941
0.0573941 7.45712e-35 1.46286e-18
2.92573e-18 0.0573941 7.45712e-35
1.49142e-34 2.92573e-18 0.0573941
0.0573941 7.45712e-35 1.46286e-18
2.92573e-18 0.0573941 7.45712e-35
1.49142e-34 2.92573e-18 0.0573941
0.0573941 7.45712e-35 1.46286e-18
2.92573e-18 0.0573941 7.45712e-35
1.49142e-34 2.92573e-18 0.0573941
0.0573941 7.45712e-35 1.46286e-18
2.92573e-18 0.0573941 7.45712e-35
1.49142e-34 2.92573e-18 0.0573941
0.0573941 7.45712e-35 1.46286e-18
2.92573e-18 0.0573941 7.45712e-35
1.49142e-34 2.92573e-18 0.0573941
0.0573941 7.45712e-35 1.46286e-18
2.92573e-18 0.0573941 7.45712e-35
1.49142e-34 2.92573e-18 0.0573941
0.0573941 7.45712e-35 1.46286e-18
2.92573e-18 0.0573941 7.45712e-35
1.49142e-34 2.92573e-18 0.0573941
0.0573941 7.45712e-35 1.46286e-18
2.92573e-18 0.0573941 7.45712e-35
1.49142e-34 2.92573e-18 0.0573941
0.0573941 7.45712e-35 1.46286e-18
2.92573e-18 0.0573941 7.45712e-35
1.49142e-34 2.92573e-18 0.0573941
0.0573941 7.45712e-35 1.46286e-18
2.92573e-18 0.0573941 7.45712e-35
1.49142e-34 2.92573e-18 0.0573941
0.0573941 7.45712e-35 1.46286e-18
2.92573e-18 0.0573941 7.45712e-35
1.49142e-34 2.92573e-18 0.0573941
0.0573941 7.45712e-35 1.46286e-18
2.92573e-18 0.0573941 7.45712e-35
1.49142e-34 2.92573e-18 0.0573941
0.0573941 7.45712e-35 1.46286e-18
2.92573e-18 0.0573941 7.45712e-35
1.49142e-34 2.92573e-18 0.0573941
0.0573941 7.45712e-35 1.46286e-18
2.92573e-18 0.0573941 7.45712e-35
1.49142e-34 2.92573e-18 0.0573941
0.0573941 7.45712e-35 1.46286e-18
2.92573e-18 0.0573941 7.45712e-35
1.49142e-34 2.92573e-18 0.0573941
0.0573941 7.45712e-35 1.46286e-18
2.92573e-18 0.0573941 7.45712e-35
1.49142e-34 2.92573e-18 0.0573941
0.0573941 7.45712e-35 1.46286e-18
2.92573e-18 0.0573941 7.45712e-35
1.49142e-34 2.92573e-18 0.0573941
0.0573941 7.45712e-35 1.46286e-18
2.92573e-18 0.0573941 7.45712e-35
1.49142e-34 2.92573e-18 0.0573941
0.0573941 7.45712e-35 1.46286e-18
2.92573e-18 0.0573941 7.45712e-35
1.49142e-34 2.92573e-18 0.0573941
0.0573941 7.45712e-35 1.46286e-18
2.92573e-18 0.0573941 7.45712e-35
1.49142e-34 2.92573e-18 0.0573941
0.0573941 7.45712e-35 1.46286e-18
2.92573e-18 0.0573941 7.45712e-35
1.49142e-34 2.92573e-18 0.0573941
0.0573941 7.45712e-35 1.46286e-18
2.92573e-18 0.0573941 7.45712e-35
1.49142e-34 2.92573e-18 0.0573941
0.0573941 7.45712e-35 1.46286e-18
2.92573e-18 0.0573941 7.45712e-35
1.49142e-34 2.92573e-18 0.0573941
0.0573941 7.45712e-35 1.46286e-18
2.92573e-18 0.0573941 7.45712e-35
1.49142e-34 2.92573e-18 0.0573941
0.0573941 7.45712e-35 1.46286e-18
2.92573e-18 0.0573941 7.45712e-35
1.49142e-34 2.92573e-18 0.0573941
0.0573941 7.45712e-35 1.46286e-18
2.92573e-18 0.0573941 7.45712e-35
1.49142e-34 2.92573e-18 0.0573941
0.0573941 7.45712e-35 1.46286e-18
2.92573e-18 0.0573941 7.45712e-35
1.49142e-34 2.92573e-18 0.0573941
0.0573941 7.45712e-35 1.46286e-18
2.92573e-18 0.0573941 7.45712e-35
1.49142e-34 2.92573e-18 0.0573941
0.0573941 7.45712e-35 1.46286e-18
2.92573e-18 0.0573941 7.45712e-35
1.49142e-34 2.92573e-18 0.0573941
0.0573941 7.45712e-35 1.46286e-18
2.92573e-18 0.0573941 7.45712e-35
1.49142e-34 2.92573e-18 0.0573941
0.0573941 7.45712e-35 1.46286e-18
2.92573e-18 0.0573941 7.45712e-35
1.49142e-34 2.92573e-18 0.0573941
new_centerU
new_centerX
3.60894
5.04149
1.01932
0
0
3.60894
5.04149
1.01932
0
0
3.60894
5.04149
1.01932
0
0
3.60894
5.04149
1.01932
0
0
3.60894
5.04149
1.01932
0
0
3.60894
5.04149
1.01932
0
0
3.60894
5.04149
1.01932
0
0
3.60894
5.04149
1.01932
0
0
3.60894
5.04149
1.01932
0
0
3.60894
5.04149
1.01932
0
0
3.60894
5.04149
1.01932
0
0
3.60894
5.04149
1.01932
0
0
3.60894
5.04149
1.01932
0
0
3.60894
5.04149
1.01932
0
0
3.60894
5.04149
1.01932
0
0
3.60894
5.04149
1.01932
0
0
3.60894
5.04149
1.01932
0
0
3.60894
5.04149
1.01932
0
0
3.60894
5.04149
1.01932
0
0
3.60894
5.04149
1.01932
0
0
3.60894
5.04149
1.01932
0
0
3.60894
5.04149
1.01932
0
0
3.60894
5.04149
1.01932
0
0
3.60894
5.04149
1.01932
0
0
3.60894
5.04149
1.01932
0
0
3.60894
5.04149
1.01932
0
0
3.60894
5.04149
1.01932
0
0
3.60894
5.04149
1.01932
0
0
3.60894
5.04149
1.01932
0
0
3.60894
5.04149
1.01932
0
0
3.60894
5.04149
1.01932
0
0
3.60894
5.04149
1.01932
0
0
3.60894
5.04149
1.01932
0
0
3.60894
5.04149
1.01932
0
0
3.60894
5.04149
1.01932
0
0
3.60894
5.04149
1.01932
0
0
3.60894
5.04149
1.01932
0
0
3.60894
5.04149
1.01932
0
0
3.60894
5.04149
1.01932
0
0
3.60894
5.04149
1.01932
0
0
3.60894
5.04149
1.01932
0
0
3.60894
5.04149
1.01932
0
0
3.60894
5.04149
1.01932
0
0
3.60894
5.04149
1.01932
0
0
3.60894
5.04149
1.01932
0
0
3.60894
5.04149
1.01932
0
0
3.60894
5.04149
1.01932
0
0
3.60894
5.04149
1.01932
0
0
3.60894
5.04149
1.01932
0
0
3.60894
5.04149
1.01932
0
0

E_inverse_d
point 0 is on 0 lane
3.60894 5.04149 1.01932
point 1 is on 0 lane
3.60894 5.04149 1.01932
point 2 is on 0 lane
3.60894 5.04149 1.01932
point 3 is on 0 lane
3.60894 5.04149 1.01932
point 4 is on 0 lane
3.60894 5.04149 1.01932
point 5 is on 0 lane
3.60894 5.04149 1.01932
point 6 is on 0 lane
3.60894 5.04149 1.01932
point 7 is on 0 lane
3.60894 5.04149 1.01932
point 8 is on 0 lane
3.60894 5.04149 1.01932
point 9 is on 0 lane
3.60894 5.04149 1.01932
point 10 is on 0 lane
3.60894 5.04149 1.01932
point 11 is on 0 lane
3.60894 5.04149 1.01932
point 12 is on 0 lane
3.60894 5.04149 1.01932
point 13 is on 0 lane
3.60894 5.04149 1.01932
point 14 is on 0 lane
3.60894 5.04149 1.01932
point 15 is on 0 lane
3.60894 5.04149 1.01932
point 16 is on 0 lane
3.60894 5.04149 1.01932
point 17 is on 0 lane
3.60894 5.04149 1.01932
point 18 is on 0 lane
3.60894 5.04149 1.01932
point 19 is on 0 lane
3.60894 5.04149 1.01932
point 20 is on 0 lane
3.60894 5.04149 1.01932
point 21 is on 0 lane
3.60894 5.04149 1.01932
point 22 is on 0 lane
3.60894 5.04149 1.01932
point 23 is on 0 lane
3.60894 5.04149 1.01932
point 24 is on 0 lane
3.60894 5.04149 1.01932
point 25 is on 0 lane
3.60894 5.04149 1.01932
point 26 is on 0 lane
3.60894 5.04149 1.01932
point 27 is on 0 lane
3.60894 5.04149 1.01932
point 28 is on 0 lane
3.60894 5.04149 1.01932
point 29 is on 0 lane
3.60894 5.04149 1.01932
point 30 is on 0 lane
3.60894 5.04149 1.01932
point 31 is on 0 lane
3.60894 5.04149 1.01932
point 32 is on 0 lane
3.60894 5.04149 1.01932
point 33 is on 0 lane
3.60894 5.04149 1.01932
point 34 is on 0 lane
3.60894 5.04149 1.01932
point 35 is on 0 lane
3.60894 5.04149 1.01932
point 36 is on 0 lane
3.60894 5.04149 1.01932
point 37 is on 0 lane
3.60894 5.04149 1.01932
point 38 is on 0 lane
3.60894 5.04149 1.01932
point 39 is on 0 lane
3.60894 5.04149 1.01932
point 40 is on 0 lane
3.60894 5.04149 1.01932
point 41 is on 0 lane
3.60894 5.04149 1.01932
point 42 is on 0 lane
3.60894 5.04149 1.01932
point 43 is on 0 lane
3.60894 5.04149 1.01932
point 44 is on 0 lane
3.60894 5.04149 1.01932
point 45 is on 0 lane
3.60894 5.04149 1.01932
point 46 is on 0 lane
3.60894 5.04149 1.01932
point 47 is on 0 lane
3.60894 5.04149 1.01932
point 48 is on 0 lane
3.60894 5.04149 1.01932
point 49 is on 0 lane
3.60894 5.04149 1.01932